	PyTorch(GPU)	PyTorch(CPU)	Co-dfns(GPU)	Co-dfns(CPU)	Dyalog
	0.013		2.852		8.39			34.11		80.90
	0.010		2.869		8.20			33.66		77.56
	0.013		2.875		8.62			35.98		78.32
	0.011		2.874		8.63			37.72		81.33
	0.012		2.262		8.49			38.20		77.95
	0.012		2.252		8.39			38.64		80.51
	0.012		2.264		8.19			38.11		81.08
	0.011		2.382		8.63			38.45		81.87
	0.012		2.384		8.51			38.57		80.23
	0.012		2.441		8.59			38.76		79.42
	-------------------------------------------------------------------
Avg	0.012		2.546		8.464		37.220		79.917